SPT-CLJ0000-5748           0.25    -57.8093   1  6.04  1.61  1.61 SZ                   1 170 22 2
Cl0016+1609              999.999   999.999  999 25.76  6.66  6.66 WL                   3  35  0 4
SpARCS-J0035               8.9588  -43.2029   5  2.5   0.9   1.0  M200-sigma           6 154  8 2
ACO2813                   10.8519  -20.6229   7  8.17  1.91  1.61 WL                   8 999 99 9
XDCPJ0044-2033            11.022   -20.5665   9  3.98  1.58  1.58 X                   10 128 49 2
RXJ0056-27                14.2338  -27.67    11  2.84  1.59  1.59 WL                   3 999 99 9
SPT-CLJ0102-4915          15.734   -49.2656   1 25.4   4.9   4.9  WL                   3 147  2 2
RXJ0110+19                17.575    19.6397  11  2.36  1.22  1.22 WL                   3 999 99 9
Abell209                  22.969   -13.6108  12  9.5   0.7   0.7  Lens                13 131  0 4
CLJ0152-1357              28.1712  -13.9686  14 14.0   4.6   4.6  WL                  15 999 99 9
CLJ015244.18-135715.84    28.1712  -13.9686  14 14.0   4.6   4.6  WL                  15 999 99 9
SPT-CLJ0205-5829          31.4437  -58.4856   1  7.85  1.58  1.58 SZ                   1  40 20 2
XMMXCSJ022045.1-032555.0 999.999   999.999  999  0.9   0.38  0.21 X                   16 999 99 9
RCSJ0220-0333            999.999   999.999  999  4.8   1.8   1.3  Lens                17  88 13 2
RCSJ0221-0321            999.999   999.999  999  1.8   1.3   0.7  Lens                17 174  9 2
XLSSJ0223-0436           999.999   999.999  999  7.4   2.5   1.8  Lens                17 116 17 2
SpARCS-J0224             999.999   999.999  999  0.36  0.42  0.14 X                   16 999 99 9
JKCS041                  999.999   999.999  999  2.86  2.23  2.23 X                   18 100 18 2
Abell383                  42.014    -3.5291  12  8.7   0.7   0.7  Lens                13  16  6 2
MACS0329-0211             52.4237   -2.1966  12  7.3   1.0   1.0  Lens                13 144  0 4
SpARCS-J0330             999.999   999.999  999  2.04  2.08  1.39 X                   16  43 12 2
RCS0337-2844             999.999   999.999  999  4.9   2.8   1.7  Lens                17 999 99 9
MACSJ0416-2403            64.0391  -24.0678  12 25.0   5.0   5.0  Lens                19  52  0 4
MACS0429-0253             67.4004   -2.8856  12  8.0   1.4   1.4  Lens                13   1 16 2
RCS0439-2904              69.9083  -29.0819  20  4.3   1.7   1.2  Lens                17 999 99 9
MACSJ0454.1-0300          73.5475   -3.0142  21 16.3   4.5   4.5  Lens                22 150  0 4
SPT-CLJ0533-5005          83.406   -50.0965   1  5.88  1.57  1.57 SZ                   1  41  7 2
SPT-CLJ0546-5345          86.6548  -53.759    1  7.61  1.61  1.61 SZ                   1  78 26 2
SPT-CLJ0559-5249          89.9329  -52.8266   1  9.94  2.0   2.0  SZ                   1 176 11 2
SPT-CLJ0615-5746          93.957   -57.778    1 16.32  3.26  3.26 SZ                   1  68 47 2
MACSJ0647+7015           101.9585   70.2471  12 68.0  14.0  14.0  Lens                23  90  0 4
MACSJ0717+3745           109.3838   37.7558  14 23.6   6.4   6.4  WL                  15 122  0 4
MACSJ0744+3927           116.22     39.4568  12  7.0   0.4   0.4  Lens                13  96  0 4
Abell611                 120.2368   36.0567  12  8.5   0.5   0.5  Lens                13  29  8 2
RXJ0841+64               130.2792   64.3786  11 99.9  99.9  99.9  NULL                99 999 99 9
RXJ0847+34               131.7958   34.8211  11 99.9  99.9  99.9  NULL                99 999 99 9
RDCSJ0849+4452           132.2346   44.8711  20  4.4   1.1   0.9  Lens                17 154 38 2
RDCSJ0910+5422           999.999   999.999  999  5.0   1.2   1.0  Lens                17  31 36 2
RXJ0926+12               141.65     12.7156  11 99.9  99.9  99.9  NULL                99 999 99 9
Abell851                 999.999   999.999  999  6.6   2.0   2.0  WL                  15 999 99 9
MOOJ1014+0038            999.999   999.999  999  5.6   0.6   0.6  SZ                  24  65 20 2
LCDCS0110                999.999   999.999  999  0.3   0.2   0.1  M200-sigma          25 999 99 9
LCDCS0130                999.999   999.999  999  0.6   0.3   0.2  M200-sigma          25 999 99 9
SpARCS-J1049             999.999   999.999  999  3.47  1.25  1.25 X                   16 999 99 9
LCDCS0172                999.999   999.999  999  1.6   0.7   0.5  M200-sigma          25 100  0 4
LCDCS0173                999.999   999.999  999  1.0   0.8   0.3  M200-sigma          25 999 99 9
MS1054-0321              164.2442   -3.6269  26 10.8   2.1   1.8  Lens                17 999 99 9
RCS1102-03               165.64     -3.3201  27 99.9  99.9  99.9  NULL                99 999 99 9
CLJ1103.7-1245           999.999   999.999  999  4.61  1.65  1.46 M200-sigma          28 999 99 9
RCS1107-05               166.85     -5.3891  29 99.9  99.9  99.9  NULL                99 999 99 9
MACSJ1115+0129           168.9669    1.4991  12  9.0   0.9   0.9  Lens                13 147  0 4
SG1120-1202-2            999.999   999.999  999  0.46  0.21  0.13 X                   16 999 99 9
SG1120-1202-1            999.999   999.999  999  0.68  0.33  0.19 X                   16 999 99 9
SG1120-1202-3            999.999   999.999  999  0.5   0.51  0.21 X                   16 999 99 9
RCS1122+24               999.999   999.999  999  7.1   3.5   3.5  Velocity_dispersion 30 999 99 9
LCDCS0340                999.999   999.999  999  3.4   1.1   1.0  M200-sigma          25 999 99 9
MOOJ1142+1527            999.999   999.999  999 11.0   2.0   2.0  SZ                  31  80 12 2
MACSJ1149.5+2223         177.3994   22.3986  12 51.0  19.0  19.0  Lens                23 140  0 4
Abell1423                179.3219   33.6104  12 12.0   5.9   5.9  Lens                32  52  6 2
MACS1206-0847            181.5512   -8.8007  12  8.6   1.1   1.1  Lens                13  89 12 2
LCDCS0504                999.999   999.999  999 11.14  1.07  1.07 X                   33 999 99 9
CLJ1226+3332             186.7432   33.5465  12 15.6   0.4   0.4  Lens                13  83 11 2
LCDCS0531                999.999   999.999  999  1.5   0.6   0.5  M200-sigma          25 999 99 9
XMMUJ1229+0151           187.3717    1.8588   5  5.3   1.7   1.2  Lens                17  73 42 2
LCDCS0541                999.999   999.999  999 10.6   3.9   2.4  M200-sigma          25 999 99 9
RDCSJ1252-2927           193.2271  -29.455    5  6.8   1.2   1.0  Lens                17  43 15 2
MACSJ1311-0310           197.757    -3.1776  12  4.6   0.3   0.3  Lens                13 174  0 4
ZwCl1332.8+5043          999.999   999.999  999  3.69  0.0   0.0  X                   34 999 99 9
RXJ1347-1145             206.8783  -11.7525  14 11.6   1.9   1.9  Lens                13  56 32 2
LCDCS0853                999.999   999.999  999  3.05  1.74  1.3  M200-sigma          28 999 99 9
RXJ1354-02               208.5667   -2.3631  11  2.19  0.4   0.4  X                   33 999 99 9
WARPSJ1415+3612          213.7962   36.2008  35  4.7   2.0   1.4  Lens                17 158 44 2
RCS1419+53               214.8004   53.4366  29  3.61  0.31  0.21 X                   29 999 99 9
MACSJ1423+2404           215.949    24.0779  12  5.7   1.0   1.0  Lens                13  42 14 2
IDCSJ1426.5+3508         216.6361   35.1408  36  2.3   2.1   1.4  Lens                37 114 11 2
ISCS1429+3437            999.999   999.999  999  5.4   2.4   1.6  Lens                17  85 21 2
ISCSJ1432.4+3250         999.999   999.999  999 14.4   0.2   0.2  X                   38 999 99 9
ISCSJ1432+3332           999.999   999.999  999  4.9   1.6   1.2  Lens                17 999 99 9
ISCSJ1432+3436           999.999   999.999  999  5.3   2.6   1.7  Lens                17 999 99 9
ISCSJ1434+3427           999.999   999.999  999  2.5   2.2   1.1  Lens                17  44 30 2
ISCSJ1434.5+3519         999.999   999.999  999  2.8   2.9   1.4  Lens                17  21  9 2
ISCSJ1438+3414           999.999   999.999  999  3.1   2.6   1.4  Lens                17 135 11 2
MACSJ1447.4+0827         221.8579    8.4736  28 10.36  1.11  1.19 X                   39 999 99 9
RCS1511+09               999.999   999.999  999  1.9   1.4   0.8  Lens                17 170 44 2
RXJ1532+3020             233.2241   30.3496  12  5.3   0.8   0.8  Lens                13  51 11 2
RXJ1540+14               235.2208   14.7594  11 99.9  99.9  99.9  NULL                99 999 99 9
ClGJ1604+4304            999.999   999.999  999  2.2   2.1   2.1  WL                  40 999 99 9
RCS1620+29               245.0421   29.4891  29  7.57  1.02  1.04 X                   41 999 99 9
MACSJ1621.4+3810         999.999   999.999  999  5.2   1.9   1.9  WL                  15 125  0 4
OC02J1701+6412           999.999   999.999  999  3.0   1.5   1.5  Lens                15  90  0 4
MACSJ1720+3536           260.0706   35.6066  12  7.5   0.8   0.8  Lens                13  22  2 2
Abell2261                260.6135   32.1329  12 14.2   1.7   1.7  Lens                13  35  5 2
MACSJ1932-2635           292.9569  -26.5761  12  6.9   0.5   0.5  Lens                13   4 15 2
SPT-CLJ2040-5725         310.0631  -57.428    1  5.69  1.35  1.35 SZ                   1   9 14 2
SPT-CLJ2040-4451         310.241   -44.8618  36  8.6   1.7   1.4  WL                  36  98 16 2
SPT-CLJ2043-5035         310.8238  -50.5923  42 99.9  99.9  99.9  NULL                99 999 99 9
SPT-CLJ2106-5844         316.5179  -58.7426   1 12.99  2.56  2.56 SZ                   1  23 25 2
MACSJ2129-0741           322.3571   -7.6919  14 35.0  31.0  31.0  Lens                23  34  3 2
RXJ2129+0005             322.4164    0.0886  12  6.1   0.6   0.6  Lens                13  78  0 4
MS2137-2353              325.0632  -23.6613  12  4.11  0.75  0.46 SL                  43  51 25 2
RCS2152-06               999.999   999.999  999  4.7   1.9   1.9  Velocity_dispersion 30 999 99 9
RCS2156-0448             999.999   999.999  999  1.8   2.5   1.0  Lens                17 999 99 9
XMMUJ2205-0159           331.4596   -1.9909   5  3.0   1.6   1.0  Lens                17 999 99 9
XMMXCSJ2215.9-1738       333.9938  -17.6349   5  4.3   3.0   1.7  Lens                17  45 35 2
XMMJ2235.3-2557          338.835   -25.962    5  7.3   1.7   1.4  Lens                17  36 14 2
RXJ2248-4431             342.1845  -44.5301  12 11.6   1.2   1.2  Lens                13  57 12 2
RCX2319+0038             999.999   999.999  999  5.8   2.3   1.6  Lens                17  86 10 2
RXJ2328+14               352.2042   14.8867  11  5.5   1.9   1.9  WL                  15 999 99 9
SPT-CLJ2331-5051         352.9634  -50.864    1  8.96  1.86  1.86 SZ                   1 168 13 2
SPT-CLJ2337-5942         354.3523  -59.705    1 13.11  2.54  2.54 SZ                   1  28  7 2
SPT-CLJ2341-5119         355.3     -51.328    1  9.15  1.82  1.82 SZ                   1  87 15 2
SPT-CLJ2342-5411         355.6916  -54.1849   1  6.15  1.49  1.49 SZ                   1  49 19 2
RCS2345-3632             999.999   999.999  999  2.4   1.1   0.7  WL/SL               17 152 19 2
SPT-CLJ2359-5009         359.9327  -50.169    1  6.92  1.61  1.61 SZ                   1 129  8 2
