Cl0016+1609              1 Sersic  999.99  99.999 99.999 9.99 9.99 999 99
SpARCS-J0335             1 Sersic  -26.088 25.034 57.488 8.7  0.88 158  4
XDCPJ0044-2033           1 Sersic  -25.073 23.119 12.944 3.39 0.36  11 63
CLJ0152-1357             1 Sersic  -24.859 23.471 21.802 3.59 0.7   49 99
CLJ015244.18-135715.84   2 Sersic  -24.378 22.698 12.74  4.24 0.75  42 99
CLJ015244.18-135715.84   1 Sersic  -24.478 22.343 11.331 7.96 1.0   10 99
RCSJ0220-0333            1 Sersic  -24.511 23.111 10.804 4.08 0.75  24 64
RCSJ0221-0321            1 Sersic  -23.916 22.257  5.667 0.88 0.61 111 63
RCSJ0221-0321            2 Sersic  -24.566 23.098 11.261 5.43 0.74  21 27
XLSSJ0223-0436           1 Sersic  -24.675 23.103  8.146 4.52 0.74  47 69
SpARCS-J0224             1 Sersic  -24.905 18.918  1.682 2.87 0.64 128 99
SpARCS-J0330             1 Sersic  -25.891 24.187 30.167 5.43 0.67   9 34
RCS0337-2844             1 Sersic  -24.102 23.468  9.433 4.21 0.72 114 99
RCS0350-08               1 Sersic  -24.849 23.089 22.851 7.63 0.71 159 99
RCS0439-2904             1 Sersic  -24.625 23.598 15.81  5.81 0.77 112 99
MACSJ0454.1-0300         1 Sersic* -24.66  22.513 19.069 4.0  0.74 119 31
RCS0515-43               1 Sersic  -24.928 24.088 49.921 9.58 0.74   9 99
RCS0519-42               1 Sersic  -23.293 20.669  3.71  3.95 0.81 112 99
RCS0519-44               1 Sersic  -24.83  23.117 15.098 5.56 0.81  66 99
SPT-CLJ0533-5005         1 Sersic  -24.463 23.344 12.609 6.03 0.76 149 72
SPT-CLJ0546-5345         1 Sersic  -25.154 25.904 31.178 8.1  0.78 105 27
SPT-CLJ0615-5746         1 Sersic  -26.055 23.471 37.3   4.46 0.66  19 49
RXJ0841+64               1 Sersic* -25.353 23.728 56.139 4.0  0.6   48 99
RDCSJ0910+5422           1 Sersic  -24.369 24.853 19.696 8.36 0.78  18 13
MOOJ1014+0038            1 Sersic  -25.528 23.814 26.754 3.3  0.68  52 13
LCDCS0130                1 Sersic  -24.316 24.52  28.215 7.59 0.92 169 99
SpARCS-J1049             1 Sersic  -26.55  24.782 51.065 7.63 0.94  85 99
MS1054-0321              1 Sersic  -25.802 24.494 50.904 6.37 0.62  43 99
RCS1107-05               1 Sersic  -25.196 24.795 40.238 5.37 0.65  66 99
RCS1107-05               1 Sersic  -24.28  22.484 13.684 5.94 0.79  22 99
RCS1108-04               1 Sersic  -24.563 23.294 20.204 4.42 0.48  98 99
RCS1122+24               1 Sersic  -25.0   23.861 24.589 6.03 0.7  147 99
LCDCS0340                1 Sersic  -23.979 22.153 13.621 4.41 0.74  92 99
MOOJ1142+1527            1 Sersic  -26.175 23.799 38.599 4.16 0.66  76  4
MACSJ1149.5+2223         1 Sersic  -25.909 24.645 90.254 4.1  0.71 131 12
RDCSJ1252-2927           1 Sersic  -25.353 23.253 18.022 4.97 0.77  73 30
RDCSJ1252-2927           2 Sersic  -24.943 22.918 12.784 2.57 0.73  66 23
MACSJ1311-0310           1 Sersic  -24.793 22.043 17.613 3.57 0.86 132 34
RXJ1354-02               1 Sersic  -25.709 23.334 41.547 5.57 0.77  20 99
WARPSJ1415+3612          1 Sersic  -25.351 23.665 20.719 2.73 0.72  23 45
MACSJ1423+2404           1 Sersic  -25.399 22.363 24.917 2.16 0.6   37  5
ISCS1429+3437            1 Sersic  -26.15  23.308 29.892 8.65 0.93  58 28
ISCSJ1432+3436           2 Sersic  -24.524 20.43   3.476 4.14 0.84  53 99
ISCSJ1432+3436           1 Sersic  -24.714 21.079  5.116 3.53 0.88  31 99
ISCSJ1434.5+3519         1 Sersic  -24.979 21.619  7.272 2.84 0.65  77 56
ISCSJ1438+3414           1 Sersic  -25.233 23.866 22.274 9.86 0.78  36 81
MACSJ1447.4+0827         1 Sersic  -24.961 21.031 13.976 1.45 0.54  86 99
RCS1450+08               1 Sersic  -25.294 24.299 36.181 6.01 0.61 140 99
RCS1452+08               1 Sersic  -24.575 22.162 19.019 4.15 0.92  11 99
RCS1511+09               1 Sersic  -23.975 22.327  6.495 4.35 0.79 137 33
ClGJ1604+4304            2 Sersic  -24.364 22.737 10.716 4.87 0.74 121 99
ClGJ1604+4304            1 Sersic  -24.724 23.643 19.195 7.29 0.76  22 99
RCS1620+29               1 Sersic  -23.819 22.501  6.405 5.03 0.78  93 99
MACSJ1621.4+3810         1 Sersic  -24.991 22.075 22.448 3.72 0.77 129  4
SPT-CLJ2040-5725         1 Sersic  -24.933 25.728 41.119 6.96 0.83  15  6
SPT-CLJ2043-5035         1 Sersic  -24.501 23.233 16.648 2.74 0.67 111 99
XMMUJ2205-0159           1 Sersic  -25.794 25.354 42.005 5.36 0.64  18 99
XMMXCSJ2215.9-1738       1 Sersic  -23.698 20.249  2.019 6.25 0.61  93 48
RCS2316-00               1 Sersic  -24.509 22.908 19.319 7.9  0.91  71 99
SPT-CLJ2331-5051         1 Sersic  -25.302 24.013 46.462 5.24 0.73   8 20
SPT-CLJ2342-5411         1 Sersic  -25.128 24.448 19.462 3.45 0.68   7 42
RCS2345-3632             1 Sersic  -24.659 22.317 11.956 8.04 0.75  28 56
SPT-CLJ2359-5009         2 Sersic  -24.486 22.655 11.804 3.19 0.75 123  6
SPT-CLJ2359-5009         1 Sersic  -24.766 23.726 21.984 4.15 0.69 123  6
SPT-CLJ0000-5748         1 Sersic2 -25.601 24.306 47.94  1.85 0.53 162  8
ACO2813                  1 Sersic2 -24.891 23.516 49.81  4.7  0.72 175 99
ACO2813                  2 Sersic2 -24.894 23.362 46.464 1.3  0.53 148 99
RXJ0056-27               1 Sersic2 -24.641 23.613 28.883 1.83 0.64  94 99
SPT-CLJ0102-4915         1 Sersic2 -24.87  22.478 13.894 1.62 0.87 118 29
SPT-CLJ0102-4915         2 Sersic2 -25.753 22.069 15.653 1.26 0.57 134 13
RXJ0110+19               1 Sersic2 -24.411 22.709 26.043 1.1  0.72  44 99
Abell209                 1 Sersic2 -24.327 21.734 19.715 2.05 0.71 134 23
SPT-CLJ0205-5829         1 Sersic2 -25.701 26.197 82.853 1.09 0.33  32  8
XMMXCSJ022045.1-032555.0 1 Sersic2 -24.403 21.638 16.486 2.34 0.91  65 99
RCS0224-02               1 Sersic2 -23.824 21.606 10.172 1.91 0.94  97 99
JKCS041                  1 Sersic2 -25.156 23.512 13.984 1.57 0.6   64 36
Abell383                 1 Sersic2 -24.417 21.437 18.34  1.82 0.84  17  1
MACS0329-0211            1 Sersic2 -25.17  21.756 19.19  2.34 0.84 168 32
RCS0351-09               1 Sersic2 -23.868 19.87   5.573 2.77 1.0   57 99
MACSJ0416-2403           1 Sersic2 -24.997 23.951 53.747 0.92 0.4   50 15
MACS0429-0253            1 Sersic2 -25.332 22.155 26.926 1.52 0.64 169 12
RCS0444-28               1 Sersic2 -24.586 22.716 22.713 1.61 0.7  157 99
RCS0511-42               1 Sersic2 -24.997 22.985 27.435 2.09 0.74 173 99
RCS0518-43               1 Sersic2 -23.365 22.326 11.748 1.71 0.7   74 99
RCS0518-43               1 Sersic2 -24.326 23.526 26.018 3.89 0.73  31 99
SPT-CLJ0559-5249         1 Sersic2 -24.29  23.094 17.035 1.93 0.92  41 45
MACSJ0647+7015           2 Sersic2 -26.169 23.921 68.842 2.7  0.46 109 24
MACSJ0647+7015           1 Sersic2 -25.779 23.92  57.494 0.06 0.23 111 26
MACSJ0717+3745           1 Sersic2 -25.353 23.278 35.644 1.58 0.66  66  4
MACSJ0744+3927           1 Sersic2 -25.312 22.136 17.986 2.05 0.77  21 80
Abell611                 1 Sersic2 -24.919 22.756 34.895 1.4  0.61  43 14
RXJ0847+34               1 Sersic2 -24.387 22.589 15.827 2.29 0.89   4 99
RDCSJ0849+4452           2 Sersic2 -24.723 24.822 17.068 0.57 0.58 116 38
RDCSJ0849+4452           1 Sersic2 -24.236 26.658 31.769 0.07 0.84  59 85
RXJ0926+12               1 Sersic2 -24.127 22.596 15.816 1.56 0.59  66 99
RCS0928+36               1 Sersic2 -23.84  22.791 18.376 0.73 0.8   43 99
Abell851                 1 Sersic2 -23.891 21.962 12.473 2.84 0.73  71 99
LCDCS0110                1 Sersic2 -24.251 22.556 14.045 3.9  0.81  25 99
LCDCS0172                1 Sersic2 -24.068 23.396 15.465 2.52 0.69 136 36
LCDCS0173                1 Sersic2 -24.404 23.912 20.679 1.81 0.66  20 99
RCS1102-03               1 Sersic2 -25.381 22.472 29.721 4.62 0.88  24 99
RCS1102-05               1 Sersic2 -23.882 24.06  32.648 0.78 0.45 112 99
CLJ1103.7-1245           1 Sersic2 -23.595 22.659 10.011 3.71 0.62  67 99
RCS1104-04               1 Sersic2 -24.515 23.577 22.86  1.31 0.66  17 99
MACSJ1115+0129           1 Sersic2 -24.69  22.903 31.105 1.79 0.62 150 60
SG1120-1202-2            1 Sersic2 -24.237 23.693 36.234 3.11 0.58 164 99
SG1120-1202-1            1 Sersic2 -24.918 24.301 65.446 1.76 0.55 156 99
SG1120-1202-3            1 Sersic2 -24.419 22.31  20.783 2.44 0.61  27 99
Abell1423                1 Sersic2 -25.131 23.716 70.008 1.97 0.51  57  5
MACS1206-0847            1 Sersic2 -24.991 23.437 38.844 2.42 0.42 107 18
LCDCS0504                1 Sersic2 -24.855 23.241 17.146 1.72 0.89   2 99
CLJ1226+3332             1 Sersic2 -26.382 23.657 52.251 2.03 0.49  96 13
LCDCS0531                1 Sersic2 -24.27  24.461 35.401 1.52 0.5   22 99
XMMUJ1229+0151           1 Sersic2 -24.05  21.654  5.645 2.53 0.9  118 45
LCDCS0541                1 Sersic2 -25.022 24.224 45.61  1.7  0.48  83 99
RCS1319-02               1 Sersic2 -22.508 22.418  8.924 3.07 0.87 138 99
RCS1323+30               1 Sersic2 -25.091 23.366 37.632 1.56 0.74 128 99
ZwCl1332.8+5043          1 Sersic2 -24.332 23.825 23.977 1.62 0.45  62 99
RXJ1347-1145             1 Sersic2 -24.865 23.944 45.555 0.84 0.4    6 50
LCDCS0853                1 Sersic2 -24.959 25.111 44.128 4.56 0.69 125 99
RCS1419+53               1 Sersic2 -24.865 23.143 19.732 0.91 0.99  25 99
IDCSJ1426.5+3508         1 Sersic2 -25.647 23.716 19.951 2.55 0.73 159 45
ISCSJ1432.3+3253         1 Sersic2 -24.002 21.035  3.304 1.46 0.8   66 99
ISCSJ1432.4+3250         1 Sersic2 -24.446 21.641  5.278 2.12 0.6  174 99
ISCSJ1432.4+3250         2 Sersic2 -24.256 21.246  4.033 2.92 0.75 123 99
ISCSJ1432+3332           1 Sersic2 -24.156 22.964  7.506 0.74 0.43 164 99
ISCSJ1434+3427           1 Sersic2 -24.355 22.543  8.306 0.83 0.77 137 87
RCS1446+08               1 Sersic2 -24.208 24.501 31.293 1.38 0.49 115 99
RXJ1532+3020             1 Sersic2 -25.286 23.673 57.604 2.61 0.56  66 15
RXJ1540+14               1 Sersic2 -23.255 22.342 10.161 0.22 0.53  48 99
OC02J1701+6412           1 Sersic2 -24.245 22.823 19.929 1.79 0.67 126 36
MACSJ1720+3536           1 Sersic2 -24.848 21.668 17.715 2.1  0.81 177 25
Abell2261                1 Sersic2 -25.192 21.472 25.01  1.31 0.81 177 38
MACSJ1932-2635           1 Sersic2 -25.628 22.946 46.235 4.72 0.58 154 30
SPT-CLJ2040-4451         1 Sersic2 -25.832 24.611 39.304 0.55 0.31  99  1
SPT-CLJ2106-5844         1 Sersic2 -25.568 22.74  18.973 2.07 0.6  170 33
MACSJ2129-0741           1 Sersic2 -24.552 24.023 32.387 0.78 0.51  79 45
RXJ2129+0005             1 Sersic2 -25.002 23.063 45.994 2.1  0.47  66 15
MS2137-2353              1 Sersic2 -24.548 22.265 22.504 5.75 0.82   9 42
RCS2152-06               1 Sersic2 -24.621 24.074 29.826 0.95 0.51  31 99
RCS2156-0448             1 Sersic2 -24.766 25.742 37.946 1.75 0.45 149 99
XMMJ2235.3-2557          1 Sersic2 -26.339 25.068 65.437 2.13 0.43  20 16
RCS2239-60               1 Sersic2 -24.372 24.618 50.625 1.12 0.41 101 99
RXJ2248-4431             1 Sersic2 -25.687 23.701 72.473 1.22 0.5   55  2
RCX2319+0038             1 Sersic2 -25.504 23.833 29.438 2.58 0.7  100 14
RXJ2328+14               1 Sersic2 -24.797 23.862 37.316 1.59 0.7  141 99
SPT-CLJ2337-5942         1 Sersic2 -25.894 24.764 59.064 4.61 0.92  70 42
SPT-CLJ2341-5119         1 Sersic2 -25.241 24.615 25.975 2.12 0.8  153 66
RCS2342-35               1 Sersic2 -24.912 25.342 46.534 1.27 0.56   5 99
